-80844.4 -1.00113 -1.00208
-73835.6 -2.06927 -2.92148
-67434.4 -3.78539 -5.97591
-61588.2 -5.75357 -9.47138
-56248.8 -7.85353 -13.2168
-51372.3 -10.0398 -17.104
-46918.6 -12.2377 -21.0375
-42851 -14.4838 -25.0595
-39136.1 -16.7083 -29.0516
-35743.2 -18.8341 -32.9666
-32644.4 -21.0939 -36.9898
-29814.3 -23.2051 -40.8502
-27229.6 -25.2517 -44.6911
-24868.9 -27.2594 -48.243
-22712.9 -29.1048 -51.7032
-20743.8 -30.8271 -54.9445
-18945.4 -32.3766 -57.9621
-17303 -33.9045 -60.9729
-15802.9 -34.919 -63.0732
-14432.9 -36.0772 -65.2981
-13181.6 -36.873 -67.1136
-12038.8 -37.0055 -67.9166
-10995.1 -37.3742 -68.8344
-10041.9 -37.4421 -69.1497
-9171.33 -36.9065 -67.4458
-8376.22 -35.2681 -66.5638
-7650.05 -34.2431 -64.3837
-6986.83 -32.1155 -60.4377
-6381.1 -29.8214 -57.2975
-5827.9 -27.5549 -52.6593
-5322.65 -23.5961 -46.765
-4861.2 -20.1933 -39.7147
